# MJD BurstID BurstNum Amp LocTime UncLocTime LocFreq UncLocFreq WidTime UncWidTime WidFreq UncWidFreq Baseline
57638.000000 2797.000000 2.000000 2.358066 15.213528 0.017348 0.000366 1664.467723 -4.265925 0.001041 0.000314 180.501472 11.213835 0.236176
57638.000000 2797.000000 2.000000 2.358066 19.847244 0.017311 0.000004 1633.301299 -1.123892 0.000621 0.000012 178.323475 3.228053 0.226894
57638.000000 2797.000000 2.000000 2.358066 33.261290 0.018409 0.000004 1544.393079 -1.061606 0.000864 0.000013 224.353298 3.281762 -0.138119
57638.000000 2797.000000 2.000000 2.358066 18.244928 0.019493 0.000016 1435.896962 -0.980986 0.001539 0.000039 177.248638 2.737914 0.982946
# MJD BurstID BurstNum Amp LocTime UncLocTime LocFreq UncLocFreq WidTime UncWidTime WidFreq UncWidFreq Baseline
57638.000000 280.000000 2.000000 2.439983 29.250774 0.013573 0.000005 1740.497417 -4.749567 0.002160 0.000014 400.749159 7.029759 0.192799
# MJD BurstID BurstNum Amp LocTime UncLocTime LocFreq UncLocFreq WidTime UncWidTime WidFreq UncWidFreq Baseline
57640.000000 1421.000000 3.000000 2.278626 8.862179 0.023909 0.000009 1551.014443 -1.763427 0.001381 0.000023 264.166296 4.804203 0.435996
# MJD BurstID BurstNum Amp LocTime UncLocTime LocFreq UncLocFreq WidTime UncWidTime WidFreq UncWidFreq Baseline
57641.000000 185.000000 5.000000 2.284700 70.751860 0.018150 0.000007 1505.542295 -0.455705 0.001891 0.000019 206.006393 1.324049 0.545032
57641.000000 185.000000 5.000000 2.284700 75.214497 0.019709 0.000032 1480.339153 -0.592911 0.002773 0.000149 184.424400 1.870525 0.634930
57641.000000 185.000000 5.000000 2.284700 141.864226 0.021529 0.000009 1423.561124 -0.411062 0.002485 0.000035 144.235319 1.146756 4.677459
57641.000000 185.000000 5.000000 2.284700 92.573100 0.022762 0.000061 1376.323784 -1.239391 0.001572 0.000333 182.625199 3.823253 -0.474942
57641.000000 185.000000 5.000000 2.284700 74.758456 0.023175 0.000050 1346.348562 -1.147589 0.001425 0.000086 200.363482 3.441219 -0.693036
57641.000000 185.000000 5.000000 2.284700 48.454461 0.024871 0.000008 1261.955673 -0.855915 0.001424 0.000029 172.895270 2.454210 0.550755
57641.000000 185.000000 5.000000 2.284700 32.518383 0.025529 0.000058 1208.821117 -0.741855 0.002283 0.000079 138.798797 1.934106 0.269737
# MJD BurstID BurstNum Amp LocTime UncLocTime LocFreq UncLocFreq WidTime UncWidTime WidFreq UncWidFreq Baseline
57641.000000 521.000000 4.000000 2.187799 11.435210 0.025260 0.000086 1767.085132 -21.760248 0.001278 0.000138 206.883946 24.424092 0.175918
57641.000000 521.000000 4.000000 2.187799 26.310384 0.025763 0.000021 1831.493913 -32.310461 0.000834 0.000053 336.357421 30.793273 0.264291
57641.000000 521.000000 4.000000 2.187799 17.687288 0.026103 0.000010 1710.202281 -6.566448 0.000879 0.000022 325.456691 10.790445 0.940907
# MJD BurstID BurstNum Amp LocTime UncLocTime LocFreq UncLocFreq WidTime UncWidTime WidFreq UncWidFreq Baseline
57642.000000 1965.000000 7.000000 0.981730 21.861951 0.020245 0.000078 1728.086533 -3.726122 0.001517 0.000083 200.519311 5.715398 0.117618
57642.000000 1965.000000 7.000000 0.981730 49.229282 0.020365 0.000004 1679.904346 -1.423967 0.000755 0.000012 184.352878 3.413885 0.862050
57642.000000 1965.000000 7.000000 0.981730 31.218443 0.021573 0.000048 1599.413506 -2.223077 0.001698 0.000144 290.290696 7.448536 -0.393615
57642.000000 1965.000000 7.000000 0.981730 36.634248 0.022112 0.000010 1483.783120 -1.283641 0.001106 0.000030 242.711701 4.731947 -0.026893
57642.000000 1965.000000 7.000000 0.981730 11.375170 0.023248 0.000008 1399.310119 -1.200245 0.000816 0.000021 188.820845 3.414469 0.561204
# MJD BurstID BurstNum Amp LocTime UncLocTime LocFreq UncLocFreq WidTime UncWidTime WidFreq UncWidFreq Baseline
57642.000000 7699.000000 6.000000 0.998491 19.265441 0.024293 0.000007 1670.240071 -2.239450 0.000653 0.000014 256.125955 5.094097 0.230389
57642.000000 7699.000000 6.000000 0.998491 15.074473 0.024544 0.000015 1633.488113 -2.495106 0.000959 0.000031 307.005301 6.998635 0.282095
57642.000000 7699.000000 6.000000 0.998491 12.241163 0.025721 0.000003 1498.191563 -1.796254 0.000478 0.000011 251.666297 5.862888 0.987384
57642.000000 7699.000000 6.000000 0.998491 11.208390 0.026965 0.000007 1350.884014 -1.583981 0.001323 0.000023 298.518230 4.782569 0.538062
# MJD BurstID BurstNum Amp LocTime UncLocTime LocFreq UncLocFreq WidTime UncWidTime WidFreq UncWidFreq Baseline
57644.000000 2461.000000 8.000000 2.346107 13.600766 0.024924 0.000008 1401.322917 -0.943816 0.001711 0.000020 206.917202 2.422227 0.807008
# MJD BurstID BurstNum Amp LocTime UncLocTime LocFreq UncLocFreq WidTime UncWidTime WidFreq UncWidFreq Baseline
57646.000000 2476.000000 10.000000 2.560345 17.538781 0.017951 0.000005 1530.996409 -1.088695 0.000804 0.000016 189.059503 3.148743 0.190280
57646.000000 2476.000000 10.000000 2.560345 51.998659 0.019198 0.000005 1494.601959 -0.477807 0.001120 0.000015 185.906438 1.451618 -0.127920
57646.000000 2476.000000 10.000000 2.560345 44.300687 0.019718 0.000025 1473.970792 -0.404354 0.002387 0.000054 180.360444 1.231878 0.334458
57646.000000 2476.000000 10.000000 2.560345 17.800296 0.021394 0.000025 1449.168317 -0.778395 0.001672 0.000050 172.337708 2.258906 0.199721
# MJD BurstID BurstNum Amp LocTime UncLocTime LocFreq UncLocFreq WidTime UncWidTime WidFreq UncWidFreq Baseline
57646.000000 4275.000000 9.000000 2.398061 2.028561 0.007306 0.000046 1529.928673 -18.666331 0.001213 0.000260 562.287967 108.611150 -0.254795
57646.000000 4275.000000 9.000000 2.398061 5.485871 0.008595 0.000028 1498.462832 -4.103605 0.001728 0.000153 432.180195 35.571978 -0.315072
57646.000000 4275.000000 9.000000 2.398061 4.694961 0.009689 0.000054 1428.200437 -2.805464 0.002682 0.000155 317.140642 11.844940 0.303877
# MJD BurstID BurstNum Amp LocTime UncLocTime LocFreq UncLocFreq WidTime UncWidTime WidFreq UncWidFreq Baseline
57648.000000 378.000000 12.000000 2.082205 16.623938 0.013689 0.000079 1798.968186 -21.968995 0.002068 0.000134 253.489026 21.505571 0.116489
57648.000000 378.000000 12.000000 2.082205 19.271244 0.014137 0.000009 1808.941726 -24.628755 0.000968 0.000025 378.333298 26.968642 0.264046
# MJD BurstID BurstNum Amp LocTime UncLocTime LocFreq UncLocFreq WidTime UncWidTime WidFreq UncWidFreq Baseline
57648.000000 821.000000 11.000000 2.156816 10.121009 0.024342 0.000005 1594.674300 -3.227654 0.000725 0.000016 331.815219 9.832936 0.253128
57648.000000 821.000000 11.000000 2.156816 24.241049 0.025396 0.000003 1600.736264 -2.778802 0.000570 0.000011 333.913437 9.047239 0.519032
57648.000000 821.000000 11.000000 2.156816 14.133050 0.026147 0.000031 1569.665606 -1.611043 0.002448 0.000065 325.373162 5.362286 0.525561
# MJD BurstID BurstNum Amp LocTime UncLocTime LocFreq UncLocFreq WidTime UncWidTime WidFreq UncWidFreq Baseline
57649.000000 413.000000 13.000000 2.398677 11.344032 0.021381 0.000012 1405.884544 -2.909102 0.000847 0.000041 301.723781 11.892418 3.505819
57649.000000 413.000000 13.000000 2.398677 14.064400 0.021916 0.000029 1305.904390 -2.796330 0.001686 0.000061 379.425034 9.388718 -0.442480
# MJD BurstID BurstNum Amp LocTime UncLocTime LocFreq UncLocFreq WidTime UncWidTime WidFreq UncWidFreq Baseline
57647.000000 11199.000000 101.000000 29.922672 392.021866 0.015524 0.000003 2129.077079 2.343125 0.000460 0.000007 258.389094 6.186230 11.863256
57647.000000 11199.000000 101.000000 29.922672 799.828971 0.016525 0.000002 2045.365248 1.774605 0.000424 0.000008 286.201728 5.537478 22.972899
57647.000000 11199.000000 101.000000 29.922672 425.542961 0.017565 0.000007 1857.561023 1.501773 0.001459 0.000025 345.480049 5.429671 9.391922
# MJD BurstID BurstNum Amp LocTime UncLocTime LocFreq UncLocFreq WidTime UncWidTime WidFreq UncWidFreq Baseline
57649.000000 14215.000000 102.000000 28.404350 288.155796 0.014535 0.000036 2167.451603 3.594368 0.001274 0.000052 275.081465 7.631898 3.023912
57649.000000 14215.000000 102.000000 28.404350 389.460619 0.014899 0.000006 2084.883145 2.447424 0.000515 0.000018 271.534626 7.926831 13.732350
57649.000000 14215.000000 102.000000 28.404350 161.158435 0.015161 0.000029 1993.370175 2.934885 0.000722 0.000073 298.895482 13.711262 7.597844
57649.000000 14215.000000 102.000000 28.404350 314.663392 0.015902 0.000002 1885.857514 1.874287 0.000405 0.000007 303.220962 5.306953 18.332108
# MJD BurstID BurstNum Amp LocTime UncLocTime LocFreq UncLocFreq WidTime UncWidTime WidFreq UncWidFreq Baseline
57927.000000 3010.000000 103.000000 25.494011 1084.329025 0.016139 0.000010 2746.612734 378.534488 0.000914 0.000027 593.162675 183.673575 1.083617
57927.000000 3010.000000 103.000000 25.494011 60.685970 0.017737 0.000013 2040.164598 2.611581 0.001127 0.000039 226.010723 8.001035 1.503526
57927.000000 3010.000000 103.000000 25.494011 17.095476 0.019137 0.000026 1873.531836 17.003060 0.000296 0.000075 214.426355 46.163406 2.197063
# MJD BurstID BurstNum Amp LocTime UncLocTime LocFreq UncLocFreq WidTime UncWidTime WidFreq UncWidFreq Baseline
57928.000000 2426.000000 104.000000 27.645824 72.600708 0.017001 0.000038 2065.159575 2.987264 0.002450 0.000087 339.450096 8.607428 6.020263
# MJD BurstID BurstNum Amp LocTime UncLocTime LocFreq UncLocFreq WidTime UncWidTime WidFreq UncWidFreq Baseline
57991.000000 11.000000 205.000000 410.539062 2775.053509 0.002054 0.000004 7081.995688 -1.611206 0.000299 0.000011 143.775046 3.853259 63.033280
57991.000000 11.000000 205.000000 410.539062 4663.794232 0.002317 0.000001 7068.110593 -1.299196 0.000154 0.000004 142.155853 3.089588 73.593372
57991.000000 11.000000 205.000000 410.539062 1323.383961 0.003107 0.000003 6313.448550 -7.363184 0.000209 0.000009 474.445324 18.145032 29.458242
57991.000000 11.000000 205.000000 410.539062 932.900431 0.003783 0.000007 5842.255932 -6.802470 0.000523 0.000017 532.083151 17.406627 20.251226
